0.00361826 0.0030508 0.00569995
0.00664194 0.00410206 0.00735102
0.0135198 0.0068381 0.0147336
0.0191087 0.0133656 0.0205617
0.0247376 0.0189369 0.0265395
0.0301657 0.0248328 0.0318691
0.0349829 0.0311993 0.0366416
0.0403429 0.0363172 0.0423542
0.045911 0.0414214 0.0474878
0.051276 0.0476232 0.0520727
0.0571329 0.0527453 0.0575913
0.0625609 0.0582598 0.0641
0.0670914 0.0663002 0.0695518
0.0721362 0.0712465 0.0742946
0.0781161 0.0754961 0.0799254
0.0834593 0.0807216 0.0860772
0.088581 0.0865105 0.0924004
0.0934691 0.0928263 0.0980556
0.0981343 0.0985287 0.103411
0.103347 0.104088 0.107656
0.109892 0.109476 0.111909
0.117842 0.114913 0.118048
0.124277 0.122356 0.126129
0.128831 0.131634 0.133899
0.13253 0.138571 0.139649
0.137135 0.143199 0.143964
0.143583 0.147215 0.149101
0.150526 0.15194 0.15439
0.157283 0.156909 0.159095
0.163388 0.162683 0.165167
0.170751 0.168654 0.171017
0.177723 0.175145 0.177249
0.183665 0.181958 0.18347
0.189481 0.188731 0.190212
0.194686 0.195461 0.196411
0.199268 0.201736 0.203312
0.204068 0.208139 0.210245
0.208575 0.214123 0.215746
0.214423 0.219822 0.221139
0.221275 0.224288 0.225808
0.229251 0.23058 0.229435
0.23748 0.236017 0.233945
0.246393 0.242143 0.239193
0.253173 0.250929 0.248636
0.258904 0.262917 0.258619
0.262955 0.273621 0.269555
0.267192 0.280079 0.278156
0.27126 0.284484 0.28578
0.275475 0.288563 0.29122
0.282127 0.29337 0.295929
0.289115 0.299392 0.301853
0.295065 0.304811 0.307201
0.303801 0.310848 0.31507
0.311233 0.314952 0.321884
0.317859 0.320154 0.327493
0.324921 0.324514 0.334853
0.332277 0.329187 0.340474
0.338658 0.337176 0.3465
0.346281 0.344736 0.35375
0.353009 0.351514 0.35962
0.35977 0.360536 0.366806
0.366044 0.370484 0.374966
0.37367 0.37848 0.382668
0.380582 0.387105 0.392018
0.386619 0.392461 0.400593
0.391751 0.399849 0.409949
0.397986 0.407678 0.41736
0.403185 0.415524 0.424576
0.408125 0.421615 0.431917
0.412416 0.42989 0.439754
0.418332 0.436145 0.44792
0.424147 0.440597 0.454411
0.432405 0.447308 0.458284
0.442859 0.454435 0.463933
0.452162 0.460926 0.468195
0.465955 0.466396 0.475407
0.476319 0.476721 0.478452
0.485839 0.48581 0.486909
0.492092 0.495613 0.498885
0.500341 0.506211 0.509877
0.505668 0.518294 0.519205
0.511173 0.529418 0.529968
0.516984 0.539127 0.541127
0.523879 0.546582 0.551049
0.529431 0.553611 0.559588
0.537634 0.561169 0.568336
0.546143 0.569204 0.575318
0.555051 0.575474 0.58459
0.565287 0.58454 0.594953
0.572583 0.59502 0.606637
0.583247 0.602139 0.615868
0.591563 0.611111 0.626114
0.600267 0.62003 0.637438
0.609678 0.629244 0.649159
0.619655 0.636594 0.658157
0.631048 0.6414 0.664952
0.641632 0.647471 0.674063
0.650042 0.652658 0.681681
0.658257 0.66187 0.68678
0.665852 0.666597 0.696542
0.67541 0.678697 0.709804
0.687932 0.68896 0.714116
0.696682 0.699859 0.728687
0.706863 0.711184 0.738717
0.717975 0.724561 0.746066
0.724676 0.73586 0.758638
0.73471 0.750356 0.765977
0.744899 0.762672 0.779878
0.753759 0.773961 0.793832
0.764756 0.787177 0.802717
0.774407 0.79851 0.815187
0.785768 0.807503 0.82823
0.795687 0.818517 0.83923
0.807053 0.832769 0.848322
0.816237 0.838834 0.860383
0.824403 0.851431 0.871273
0.834961 0.862837 0.881075
0.842375 0.87145 0.894793
0.851556 0.880489 0.906228
0.862218 0.892231 0.917374
0.873932 0.899865 0.929292
0.884529 0.912039 0.929182
0.896899 0.91963 0.936513
0.912812 0.930753 0.943192
0.929387 0.942876 0.952592
0.94834 0.954166 0.955692
0.968568 0.973129 0.969341
0.98302 0.990043 0.983418
1 1 1
1.00898 1.02008 1.01314
1.01855 1.03811 1.02845
1.02609 1.05799 1.0425
1.03701 1.07128 1.06323
1.04602 1.08287 1.07684
1.05496 1.09635 1.09236
1.06383 1.10562 1.10919
1.07617 1.12118 1.11773
1.08754 1.13372 1.1348
1.09913 1.14551 1.15214
1.11048 1.1619 1.16731
1.13147 1.17492 1.18243
1.13937 1.18332 1.19997
1.15462 1.20407 1.21697
1.17112 1.21546 1.23712
1.18437 1.22975 1.26087
1.19819 1.24155 1.28029
1.21605 1.25837 1.29719
1.2312 1.26861 1.31396
1.24277 1.27534 1.33362
1.25714 1.28918 1.34405
1.27458 1.2945 1.3673
1.29553 1.30779 1.38943
1.31031 1.31936 1.39998
1.32857 1.32872 1.42753
1.34172 1.34313 1.43575
1.36362 1.36079 1.45101
1.37886 1.37886 1.4723
1.39334 1.39596 1.48366
1.41075 1.41464 1.49898
1.42312 1.43414 1.51817
1.44056 1.45263 1.53463
1.46188 1.46977 1.55581
1.4801 1.4868 1.57324
1.49796 1.50551 1.5933
1.51517 1.53089 1.60914
1.52893 1.54904 1.62359
1.54916 1.5655 1.64172
1.565 1.58723 1.65696
1.58375 1.60638 1.66409
1.60447 1.62894 1.68685
1.62278 1.64581 1.7068
1.64479 1.66755 1.72497
1.66515 1.6905 1.74494
1.68316 1.70427 1.76736
1.70951 1.73014 1.78452
1.73558 1.75357 1.81394
1.76146 1.77446 1.8417
1.79785 1.80129 1.85944
1.81969 1.82736 1.88385
1.85779 1.85861 1.90555
1.88002 1.89657 1.93149
1.9122 1.92396 1.95945
1.93757 1.96011 1.99086
1.95685 1.99629 2.02967
1.98259 2.02643 2.06829
2.01584 2.0777 2.09967
2.04474 2.12059 2.14909
2.06859 2.15598 2.19515
2.08625 2.17781 2.217
2.11055 2.19558 2.24564
2.13399 2.20778 2.28072
2.15678 2.23794 2.31035
2.18764 2.26255 2.32763
2.21803 2.29411 2.34321
2.24817 2.32939 2.35803
2.27037 2.34679 2.41652
2.31052 2.37971 2.49318
2.35144 2.41536 2.57596
2.37514 2.44463 2.63043
2.42168 2.46939 2.686
2.46128 2.49974 2.73698
2.49733 2.53561 2.77514
2.54441 2.57097 2.81791
2.57187 2.60754 2.86577
2.60265 2.64763 2.88018
2.64395 2.67814 2.93361
2.6854 2.71978 2.98618
2.73637 2.76763 3.01482
2.78032 2.80832 3.0431
2.82129 2.8608 3.08403
2.87203 2.90812 3.1076
2.91731 2.95415 3.14945
2.96857 3.00183 3.18191
3.02425 3.0487 3.22374
3.07128 3.10426 3.25935
3.11893 3.15375 3.29591
3.16272 3.20624 3.3179
3.21675 3.2658 3.37024
3.26123 3.31324 3.42222
3.31774 3.37227 3.4574
3.38666 3.4201 3.4969
3.45138 3.48 3.55013
3.53308 3.55197 3.59629
3.6206 3.61342 3.66166
3.70717 3.70974 3.7151
3.79462 3.77918 3.78126
3.87912 3.87186 3.85053
3.93966 3.96961 3.94446
4.00086 4.06493 4.07141
4.05883 4.17629 4.19199
4.11679 4.24188 4.29683
4.17356 4.31304 4.39557
4.23889 4.39182 4.47089
4.32356 4.47261 4.54848
4.41728 4.56249 4.6352
4.52212 4.65477 4.75728
4.62808 4.75923 4.85765
4.74493 4.86403 4.95274
4.88329 4.96767 5.04872
4.98253 5.08327 5.19264
5.09167 5.21105 5.31711
5.22522 5.3475 5.41418
5.36964 5.48435 5.56801
5.50332 5.65166 5.77644
5.64008 5.82582 5.95055
5.78403 6.02983 6.1098
5.97142 6.23183 6.29438
6.17389 6.44795 6.56687
6.37779 6.67073 6.72842
6.57609 6.90399 6.99937
6.87612 7.23602 7.08926
7.40645 7.67865 7.25501
7.92666 8.25545 7.91985
8.50339 9.01971 8.4763
10.4577 10.495 10.5103
