0.0019065 0.00203064 0.00199372
0.0035255 0.0056061 0.00472206
0.00805999 0.0115727 0.0112187
0.0151493 0.0175022 0.0179581
0.0214535 0.0229404 0.023219
0.027338 0.0287167 0.0292817
0.0337031 0.0342176 0.0358662
0.0394395 0.0399085 0.0413757
0.0453339 0.0455043 0.046825
0.0513632 0.0515734 0.0524376
0.0573253 0.0585129 0.058849
0.0631491 0.0630305 0.0648331
0.0694304 0.0678606 0.0713719
0.0757563 0.0742632 0.0781359
0.0818164 0.0805587 0.0839798
0.0875282 0.0866064 0.089854
0.0938353 0.0919427 0.0953835
0.0998969 0.0982994 0.100505
0.106501 0.104454 0.106201
0.112866 0.111432 0.11246
0.118003 0.119741 0.119403
0.123478 0.123835 0.124625
0.128959 0.126138 0.129836
0.134969 0.131138 0.13538
0.141158 0.136702 0.142476
0.148349 0.142803 0.149977
0.15492 0.14915 0.157069
0.161417 0.155799 0.163339
0.167041 0.162254 0.169192
0.17207 0.168349 0.175623
0.177192 0.174505 0.180548
0.182902 0.17862 0.186103
0.189145 0.183169 0.191121
0.195174 0.188981 0.196544
0.200939 0.195145 0.201547
0.207576 0.201618 0.206593
0.214768 0.208216 0.212921
0.222482 0.214216 0.218917
0.227979 0.221411 0.225847
0.233662 0.229615 0.232912
0.238351 0.240831 0.239992
0.243958 0.248811 0.244881
0.248651 0.247749 0.250434
0.254736 0.248484 0.254897
0.260198 0.251742 0.260871
0.265833 0.256688 0.265906
0.272045 0.262438 0.272732
0.277816 0.267975 0.27993
0.284645 0.274003 0.287343
0.292422 0.280741 0.294899
0.300033 0.287067 0.302889
0.308041 0.293126 0.309423
0.314639 0.299538 0.317392
0.322413 0.306858 0.32322
0.329699 0.313551 0.330088
0.335707 0.319864 0.336182
0.34103 0.32674 0.34084
0.345262 0.332377 0.346552
0.349522 0.339639 0.354154
0.355048 0.346385 0.359303
0.361041 0.351769 0.364633
0.365951 0.355796 0.368835
0.372374 0.359919 0.374109
0.378276 0.364375 0.379183
0.38513 0.369948 0.382997
0.392013 0.375859 0.389186
0.398665 0.381667 0.395646
0.405636 0.389029 0.402054
0.412132 0.395089 0.408563
0.420334 0.403747 0.412768
0.428637 0.410231 0.417601
0.437216 0.417592 0.426371
0.445888 0.424153 0.430766
0.453125 0.430776 0.439894
0.459904 0.436538 0.448984
0.467609 0.448223 0.456366
0.473784 0.456778 0.466001
0.479565 0.469988 0.471825
0.485242 0.482415 0.481422
0.490829 0.49892 0.488568
0.495754 0.510028 0.494486
0.500626 0.506826 0.500359
0.507116 0.499597 0.505664
0.512169 0.498187 0.512334
0.518966 0.501254 0.519715
0.526718 0.505983 0.524502
0.534527 0.514461 0.532809
0.544005 0.520696 0.54044
0.552757 0.528462 0.549445
0.560544 0.535246 0.559783
0.570467 0.546014 0.569295
0.581908 0.550326 0.581168
0.593526 0.561682 0.591089
0.603638 0.569688 0.603771
0.61344 0.580922 0.614257
0.625683 0.590758 0.625998
0.636449 0.60032 0.637226
0.646886 0.609364 0.649195
0.657225 0.621903 0.657509
0.665616 0.632473 0.663982
0.673711 0.641266 0.67442
0.680879 0.649923 0.680909
0.687436 0.657981 0.691796
0.695934 0.666176 0.701511
0.706179 0.676738 0.710536
0.716515 0.686975 0.720799
0.725994 0.699913 0.728497
0.736147 0.70635 0.738467
0.749611 0.714993 0.747294
0.763286 0.720989 0.758095
0.776108 0.729886 0.769514
0.788566 0.744103 0.776591
0.801819 0.754486 0.787663
0.814007 0.765686 0.8004
0.830295 0.77787 0.812546
0.842708 0.792953 0.823649
0.857654 0.806058 0.836932
0.871145 0.822868 0.849402
0.887035 0.839666 0.859695
0.901441 0.852055 0.877828
0.915672 0.866174 0.889552
0.928603 0.878881 0.908093
0.939806 0.8948 0.92081
0.948697 0.916377 0.932076
0.960829 0.935694 0.950465
0.973137 0.965138 0.966672
0.981308 0.99761 0.983401
0.988182 1.00313 0.992187
1 1 1
1.00783 0.991296 1.01371
1.01678 0.983734 1.01838
1.02954 0.987555 1.03007
1.04513 0.998671 1.04234
1.05833 1.00849 1.05574
1.07517 1.02202 1.06913
1.09219 1.03484 1.08706
1.1062 1.04811 1.10307
1.11912 1.05897 1.12257
1.13773 1.07471 1.13807
1.15641 1.09197 1.15711
1.17629 1.10736 1.1729
1.1951 1.12563 1.1983
1.21383 1.13683 1.21834
1.23154 1.15649 1.23645
1.25117 1.17588 1.25383
1.26903 1.18935 1.27423
1.28862 1.20541 1.2879
1.307 1.2285 1.30796
1.32047 1.24582 1.31832
1.33455 1.26409 1.32764
1.34851 1.27587 1.3414
1.36623 1.28863 1.35516
1.3759 1.30141 1.37238
1.3936 1.31662 1.39057
1.40727 1.33402 1.41177
1.43532 1.35642 1.4254
1.44546 1.37419 1.43764
1.47444 1.38694 1.45386
1.48425 1.40686 1.47282
1.50549 1.42064 1.49261
1.53792 1.43988 1.51603
1.56531 1.44637 1.52597
1.59009 1.47645 1.55389
1.61239 1.49079 1.57039
1.62863 1.5187 1.59809
1.64168 1.53433 1.61635
1.65718 1.55867 1.64
1.67468 1.58801 1.66676
1.69886 1.61847 1.66488
1.73159 1.63222 1.67498
1.75748 1.64571 1.7088
1.77319 1.66301 1.72041
1.80828 1.6967 1.7346
1.82584 1.71108 1.76083
1.84684 1.73926 1.80194
1.85948 1.76116 1.82712
1.88056 1.77789 1.84176
1.90191 1.81619 1.8713
1.92354 1.84793 1.89195
1.9345 1.88504 1.90876
1.95458 1.9149 1.93974
1.95513 1.96329 1.96877
1.97261 2.02899 1.98612
1.98362 2.06284 2.00851
1.9981 1.98284 2.01677
2.01203 1.93861 2.0284
2.03383 1.94193 2.04671
2.05897 1.95007 2.06129
2.0927 1.95684 2.09001
2.13232 1.99358 2.11166
2.15684 2.00698 2.1276
2.17358 2.02614 2.14708
2.19103 2.04413 2.17066
2.21233 2.0721 2.21004
2.23389 2.09391 2.23127
2.26935 2.11696 2.27193
2.28938 2.13948 2.29472
2.3297 2.153 2.33006
2.36103 2.18863 2.3591
2.38406 2.20871 2.38875
2.42507 2.23448 2.42433
2.45555 2.25655 2.44867
2.49465 2.29972 2.48611
2.52587 2.31599 2.51861
2.55635 2.34962 2.54626
2.59334 2.37813 2.57788
2.61564 2.41222 2.61359
2.65161 2.4397 2.63438
2.6755 2.46623 2.66903
2.69487 2.49296 2.6892
2.73543 2.5183 2.7187
2.74947 2.55271 2.74362
2.77165 2.57025 2.77055
2.82414 2.59188 2.80178
2.84996 2.61336 2.83028
2.88165 2.6405 2.85352
2.91226 2.67243 2.8749
2.92567 2.70136 2.89888
2.96809 2.72943 2.93373
2.9974 2.77308 2.96953
3.04384 2.80614 3.00443
3.0687 2.83884 3.03979
3.09912 2.86346 3.07334
3.15253 2.88414 3.12384
3.20179 2.90874 3.14933
3.24406 2.94982 3.17983
3.28806 2.97696 3.21949
3.34608 3.01759 3.27083
3.39728 3.05783 3.2897
3.47303 3.11505 3.35182
3.49712 3.15294 3.3851
3.5213 3.19631 3.43803
3.55564 3.23365 3.48382
3.61877 3.29642 3.5211
3.66028 3.34484 3.55355
3.71748 3.36719 3.62486
3.7599 3.42369 3.70915
3.79418 3.45666 3.76805
3.83384 3.51294 3.83536
3.88473 3.56598 3.90933
3.92468 3.63678 3.96373
4.0138 3.68812 4.12979
4.07359 3.77821 4.24691
4.14939 3.83385 4.3539
4.20542 3.93764 4.48397
4.25294 4.05091 4.55586
4.32839 4.1362 4.69274
4.45137 4.2764 4.67671
4.6412 4.45309 4.79965
4.83452 4.66202 4.8758
5.03375 4.92325 5.08885
5.27249 5.31433 5.1544
5.68582 6.91806 5.3158
6.18467 10.9929 5.58103
6.84155 145.108 6.13263
