0.00235817 0.00159499 0.00310225
0.00511055 0.00195955 0.00332083
0.0166951 0.0049151 0.0140135
0.0246389 0.014052 0.0211309
0.0315916 0.019869 0.0264648
0.0392575 0.0256405 0.0336095
0.0456671 0.0321733 0.0406022
0.0517788 0.0369269 0.0453072
0.0582436 0.0424094 0.0484835
0.0655395 0.048027 0.0529755
0.0724984 0.0540775 0.0608991
0.0790609 0.0603319 0.0707101
0.0845643 0.0658125 0.0800794
0.0886837 0.0706245 0.087492
0.0936047 0.0757967 0.094431
0.0994932 0.0822482 0.0998495
0.106017 0.0882135 0.105751
0.112335 0.0938443 0.111567
0.119012 0.0990743 0.117123
0.126513 0.105514 0.121131
0.133099 0.111677 0.126606
0.140862 0.118658 0.134139
0.146779 0.125516 0.142893
0.151518 0.1314 0.151364
0.156834 0.136776 0.159189
0.160712 0.141894 0.166988
0.16594 0.147374 0.172783
0.171641 0.152723 0.179104
0.176448 0.159288 0.185881
0.182098 0.166019 0.191814
0.187174 0.172224 0.198552
0.19217 0.178352 0.203217
0.198721 0.184361 0.207982
0.204997 0.189824 0.21303
0.211183 0.195415 0.217312
0.21787 0.200865 0.220992
0.223625 0.20769 0.226436
0.229361 0.214652 0.230427
0.236285 0.221535 0.236137
0.243323 0.2287 0.241628
0.25085 0.234892 0.248525
0.256834 0.242258 0.255909
0.263854 0.249502 0.265419
0.27024 0.256963 0.275475
0.274649 0.262488 0.28572
0.281435 0.267994 0.298323
0.286581 0.274175 0.30975
0.291385 0.280235 0.318028
0.297635 0.285278 0.325202
0.304787 0.291062 0.331491
0.309085 0.297047 0.33676
0.315509 0.304223 0.343307
0.322622 0.311233 0.35137
0.328722 0.318075 0.359135
0.335814 0.324702 0.3676
0.34181 0.332512 0.375124
0.350927 0.338962 0.384869
0.357335 0.344934 0.397427
0.362397 0.352549 0.40729
0.367322 0.3586 0.415674
0.374901 0.36658 0.421127
0.381371 0.372881 0.426118
0.387451 0.379285 0.429237
0.396182 0.387051 0.434087
0.400312 0.391829 0.442387
0.404833 0.399773 0.450636
0.411094 0.405372 0.455991
0.417991 0.413956 0.46021
0.427917 0.422408 0.465674
0.434806 0.43038 0.47031
0.444549 0.437462 0.476488
0.454259 0.444728 0.483562
0.463559 0.451955 0.490203
0.475609 0.459472 0.494057
0.48332 0.468976 0.504514
0.490309 0.477994 0.514061
0.498479 0.490389 0.517156
0.505839 0.499047 0.527002
0.513025 0.5088 0.534008
0.521348 0.516371 0.543157
0.527611 0.524874 0.552369
0.534827 0.532741 0.559407
0.541694 0.538222 0.565461
0.549274 0.545202 0.572555
0.559065 0.553148 0.578288
0.566017 0.560001 0.586133
0.573568 0.568745 0.593186
0.580067 0.575904 0.60444
0.587375 0.581924 0.615688
0.594912 0.591122 0.629961
0.60136 0.600603 0.645107
0.608266 0.61007 0.664084
0.618501 0.625 0.678782
0.626925 0.635758 0.690311
0.639342 0.645372 0.69846
0.649927 0.654835 0.702972
0.65974 0.662987 0.70762
0.673609 0.672997 0.711378
0.684984 0.681712 0.719786
0.691546 0.68854 0.725113
0.700076 0.697603 0.732359
0.706267 0.706859 0.744047
0.713589 0.715289 0.751676
0.723243 0.724897 0.756454
0.734778 0.734137 0.764319
0.743344 0.741188 0.769748
0.753837 0.750073 0.777724
0.763172 0.761066 0.78866
0.77629 0.772343 0.790323
0.782118 0.782584 0.799969
0.792523 0.793065 0.802846
0.80095 0.802536 0.817374
0.811506 0.812406 0.822327
0.824362 0.820993 0.831749
0.834872 0.835355 0.845473
0.843622 0.841375 0.856242
0.85714 0.851609 0.866672
0.869289 0.862288 0.882511
0.87599 0.874871 0.890346
0.885307 0.886772 0.899591
0.893818 0.892523 0.916657
0.907097 0.903874 0.920072
0.919874 0.916275 0.931316
0.932993 0.927377 0.94069
0.945583 0.942308 0.957359
0.958164 0.955036 0.966916
0.973432 0.966273 0.976839
0.987228 0.984655 0.986314
1 1 1
1.01109 1.01311 1.00459
1.02059 1.02659 1.00915
1.03108 1.03809 1.02154
1.04454 1.05025 1.03419
1.05815 1.05962 1.04388
1.07547 1.06964 1.0572
1.08646 1.0791 1.06492
1.10108 1.09349 1.07925
1.10845 1.10286 1.08928
1.12557 1.11494 1.10353
1.13997 1.12971 1.13757
1.15132 1.14329 1.14164
1.16696 1.14939 1.15604
1.18622 1.1621 1.17606
1.19876 1.17649 1.19193
1.21731 1.18956 1.21144
1.22981 1.20568 1.22015
1.24441 1.21666 1.24125
1.25704 1.23203 1.25462
1.27511 1.25086 1.26678
1.2941 1.26906 1.28342
1.30382 1.28341 1.30141
1.32408 1.29666 1.31396
1.33514 1.31396 1.33227
1.35034 1.33028 1.34097
1.36506 1.34495 1.36157
1.38272 1.35886 1.37728
1.40101 1.37602 1.38791
1.41854 1.39287 1.4049
1.43712 1.40932 1.4213
1.45417 1.4328 1.44078
1.47574 1.44885 1.46438
1.4999 1.46878 1.48578
1.51382 1.48721 1.5053
1.53368 1.50454 1.52727
1.55455 1.52709 1.54057
1.57326 1.55193 1.55509
1.59527 1.56988 1.57405
1.61255 1.59375 1.59185
1.63401 1.61564 1.61815
1.6554 1.63743 1.63298
1.68024 1.65665 1.66233
1.69886 1.67519 1.68726
1.72582 1.7005 1.70913
1.74782 1.71769 1.73291
1.77497 1.74392 1.76037
1.79883 1.76408 1.78195
1.82108 1.78726 1.81127
1.84766 1.81056 1.84916
1.87393 1.83259 1.87746
1.89976 1.85988 1.916
1.93104 1.88472 1.94914
1.95398 1.91789 1.98798
1.98628 1.95099 2.02736
2.00298 1.98144 2.07328
2.03915 2.01358 2.11771
2.06249 2.04258 2.15039
2.08746 2.06793 2.1764
2.12053 2.09003 2.21387
2.14984 2.11632 2.24856
2.16805 2.14248 2.28215
2.19828 2.16971 2.29957
2.22585 2.19263 2.30897
2.25507 2.21886 2.3317
2.29175 2.25239 2.36296
2.32868 2.28318 2.40423
2.3864 2.31432 2.47728
2.44537 2.34481 2.45088
2.49905 2.37338 2.49042
2.53164 2.40756 2.50102
2.55659 2.44738 2.53881
2.58559 2.48605 2.55238
2.60892 2.52629 2.56782
2.63824 2.56352 2.60415
2.67486 2.60005 2.63277
2.72398 2.63581 2.66052
2.77746 2.67415 2.70177
2.82839 2.71435 2.7305
2.88287 2.76726 2.77588
2.92518 2.80583 2.82294
2.96354 2.85175 2.85988
3.01184 2.89736 2.90649
3.04743 2.95104 2.9456
3.08905 2.99945 2.921
3.14286 3.04999 2.96697
3.1703 3.10661 3.00474
3.21377 3.16308 3.05265
3.24811 3.21653 3.08004
3.30259 3.27481 3.13626
3.34436 3.33561 3.1753
3.3959 3.40306 3.24207
3.45005 3.45013 3.28397
3.50836 3.50852 3.31786
3.58174 3.56462 3.38423
3.62531 3.64173 3.51333
3.69538 3.71315 3.47381
3.75307 3.78702 3.51251
3.83304 3.88089 3.5668
3.88601 3.98082 3.62177
3.98027 4.05098 3.67354
4.04335 4.12618 3.7292
4.11371 4.19503 3.79737
4.15359 4.26543 3.8469
4.23271 4.34167 3.90644
4.31568 4.43267 4.02659
4.39403 4.53593 4.11508
4.46363 4.62758 4.15184
4.56462 4.73535 4.21448
4.68362 4.84773 4.30161
4.80831 4.98521 4.37706
4.95387 5.10588 4.44425
5.05285 5.23213 4.52069
5.14874 5.37648 4.56837
5.2884 5.51602 4.64101
5.41869 5.65329 4.78375
5.50636 5.80669 4.93298
5.72029 6.00875 5.06351
5.86795 6.2186 5.23989
6.06656 6.35995 5.47546
6.30511 6.62486 5.46369
6.54095 6.90971 5.63217
6.86109 7.2272 5.62202
7.20752 7.53909 5.68456
7.63422 8.02807 6.7171
9.24564 9.30493 7.04982
15.2143 15.2054 13.6549
